[ 4.194918    8.053907   18.195236   10.666923   -0.05734749  2.5992935
 17.029428    6.025886   -0.11712619  6.501225   16.38492     7.491892
 12.460361    5.589833   -0.20615189 -1.9064331   0.7291966   5.62362
  5.2184086  -1.1167486   4.9627666   1.3398844   2.2282133   2.711567
  5.178014   10.686462    5.4797697   3.1448038  10.156899   -3.6428716
 11.128542    3.8612027  11.96287    14.050415    7.475092    5.418598
  2.1626072  -0.2688725   1.9939102   4.693305   20.677818    9.480636
 10.193591    4.2067018   9.718391    5.80552     4.9658375   6.053864
  6.0461802   0.8528814   7.343417    7.4333     10.941468    9.982525
 20.16659    -0.13970059 13.993969    1.389221    7.282643   -7.209069
  1.2658188   3.0577898   3.4864035   1.8038161 ]