[[[[-5.6997907e-01  1.6617289e-01 -4.5657596e-01 ... -5.8326714e-02
    -1.6398992e-01 -5.5023804e-02]
   [ 4.0753907e-01 -2.0606457e-01  8.0093330e-01 ...  6.1949569e-01
    -3.4085736e-01  1.4177894e-02]
   [ 5.3004259e-01 -4.5733196e-01  4.9084257e-03 ...  1.8682276e-01
    -2.2757317e-01 -4.7136928e-05]
   ...
   [ 1.5137775e-01  6.9387704e-03 -6.3577282e-01 ...  9.3700416e-02
    -2.4251273e-01 -9.6615471e-02]
   [-1.0937910e+00  6.7170072e-01 -9.6735519e-01 ...  2.9369357e-01
    -5.1798080e-03 -2.2048934e-01]
   [ 2.2648418e-01 -6.0832269e-02  5.1551968e-01 ...  1.9736041e-01
    -1.1274825e-01  4.9473853e-03]]]]