[[[[ 4.51882323e-03  9.49358404e-01  8.48084271e-01 ... -6.21169269e-01
     8.29226792e-01  8.79790962e-01]
   [-7.59511828e-01  9.29420948e-01 -3.11770607e-02 ... -1.78530648e-01
    -2.17928082e-01 -1.69942927e+00]
   [-6.03862047e-01  8.58177990e-03 -2.04173520e-01 ...  4.72045779e-01
    -2.60724157e-01 -9.24949944e-01]
   ...
   [-1.16557360e+00  5.08096218e-01 -5.38753748e-01 ...  6.03185117e-01
     7.45635211e-01 -2.46319473e-01]
   [-2.23144293e-01 -2.75285095e-01  1.31359830e-01 ... -5.79903983e-02
     1.93083778e-01 -1.02001905e-01]
   [-1.62117335e-03  2.53579319e-01 -8.71921852e-02 ...  1.46571189e-01
     1.28208352e-02 -8.05967450e-02]]]]