[-0.7420345   0.8158454   0.82482237 -0.32995707 -0.23765454 -0.6417011
  0.14648819  0.9228401  -0.38224137 -1.1219189  -0.7195512  -0.01630343
 -0.45514354 -0.41301996 -0.33218306 -0.21021359  0.7324062  -0.5798743
 -0.9310179  -0.28481153 -0.94344467 -0.5338846   0.8749955  -0.16353731
 -0.64941466  0.05917362 -0.75007045 -1.912529   -0.6849103   0.41614568
 -0.20003913 -0.09259428 -1.101757   -0.4986842   0.1329825   0.3687068
 -1.1313839   0.16349901  0.1768313   2.7031844  -0.0391113   0.15114033
  0.01565418 -0.45217073 -1.3697569  -0.36942863  0.1498901   0.6729501
 -0.22537799 -1.1912324  -0.46177527  0.21941271 -0.80934566 -0.46335694
 -1.2995645   1.3678493  -1.086585    0.07778508  0.11949108  0.6640021
  0.2226176  -0.25555852 -0.80165106 -0.31481367]