[-0.16412373 -0.01539655 -0.31133202 -0.15059114 -0.3662304   0.2583217
 -0.8658943  -0.07734822 -0.06256669  0.61857826 -0.60361403 -0.1394479
 -0.13188858 -0.31437653 -0.66858333 -0.3826729  -0.04273783 -0.28633553
  0.0825813  -0.27011093  0.4663816   0.31444767 -0.04719794 -0.30904445
  0.26225752 -0.596926    0.15345706 -0.03951114 -0.16878898 -0.45649272
  0.12147091  0.07065446 -0.07025477  0.27605176  0.07476557 -0.1411452
  0.56487095  0.23907271  0.08302779  0.38294396  0.10697915 -0.16398823
 -0.25601995  0.17812754  0.42263454 -0.45035574  0.26701882  0.56391555
 -0.12623787 -0.34337565 -0.9551863   0.6519809  -0.09371039 -0.32966247
 -0.16492389 -0.12391239  0.24369247  0.0615599  -0.25657335  0.04014426
  0.23503381 -0.24941882  0.11446339 -0.18203664]