[[[[ 0.09313273  0.30292484  0.10165282 ... -0.5404659   0.4552167
    -1.1106975 ]
   [ 0.66656595 -0.7592039  -0.6852925  ... -0.4237703  -0.11100021
     0.3663195 ]
   [ 0.07200675  0.39835435 -0.7315722  ... -0.20519987  0.13794777
    -0.4829106 ]
   ...
   [ 0.54201084  0.51956517  0.67110664 ...  0.3213016   0.00137622
     0.2988971 ]
   [-0.6589476  -0.7964633   0.3668097  ...  0.50754833  0.0724765
     0.05422063]
   [-0.44614518  0.49070948  0.329779   ... -0.11399399  0.1387101
     0.02343409]]]]