[-0.23504846 -0.91905135 -1.2902389   1.1587368  -0.3135971  -2.163468
 -0.9913116  -1.5680571   0.04920057 -1.2268697  -0.875745   -0.17213562
 -0.9136593   1.8132218   0.24905702 -1.4400085   1.1972286  -1.3632538
 -1.5114142  -1.5244755   0.77743477 -0.7815096  -1.1791337  -0.70391697
 -0.12084454  0.44960168 -1.8606238  -0.15278345 -0.1348669  -1.1166307
 -0.8084141  -1.1252176   0.07124943 -1.050165    0.19381897 -1.1294727
 -0.86658704 -1.3454384  -0.71125144 -1.9264121  -2.2768798   5.212997
 -0.8013421   3.5909173   0.0500045  -0.2011025   0.14762959 -0.5402646
 -1.536587    0.4364331   0.732292    0.9147041  -0.5846626  -2.0463276
  0.6058582   0.9843084   0.51987326  0.99155074  0.05179432 -1.1048213
 -1.6590914  -1.1465797  -1.1588132   0.44052598]