[[[[-0.15468699  1.0228168  -1.1366296  ... -0.54537684 -0.3247107
    -0.6195954 ]
   [-0.02198801  1.1914747   0.82200146 ... -0.16987073 -1.0070395
    -0.31280512]
   [-1.6244884  -0.7891075  -0.540398   ... -1.0465688   0.5811345
    -0.05949249]
   ...
   [-0.28633422 -0.23410217 -0.28243786 ...  0.6631933   0.66217613
     0.07869599]
   [-0.5747806  -0.34894776  0.983598   ... -0.9566372   0.91546065
     0.83760196]
   [ 1.3674012   0.59156567  0.0393265  ...  0.92103535  0.40607357
     0.6910989 ]]]]