[-1.9337270e+00  6.7317957e-01 -1.7461940e+00 -8.0370057e-01
 -1.2410862e+00 -1.1663400e+00 -8.5581446e-01 -1.0131270e-03
 -5.4443222e-01 -1.1033943e+00 -2.9110200e+00 -1.0835478e+00
 -1.4181892e+00 -8.9454800e-01  4.8841307e-01 -1.5695477e+00
 -1.0478357e+00 -1.4248246e+00 -9.2867380e-01 -1.2779402e+00
 -1.3423499e-01 -2.9329771e-01 -5.9273690e-01 -6.3714541e-02
 -8.5707700e-01 -4.4469009e-03 -1.3094897e+00 -1.4744205e+00
 -1.0138131e+00 -8.3481359e-01  1.7787680e-01  1.0174247e+00
 -5.3813183e-01 -4.8597291e-01 -1.6822554e+00  3.7785804e-01
 -7.5044388e-01  1.8552774e-01 -5.7837540e-01 -4.6906555e-01
 -5.0546324e-01 -6.0567522e-01 -5.0443399e-01 -3.3714166e-01
 -1.1226163e+00 -5.9111339e-01 -2.1983693e+00 -1.8590896e+00
 -2.7896193e-01 -8.6526626e-01 -1.2516295e+00 -8.8543737e-01
  1.2621101e+00 -1.7831089e+00 -1.6381923e+00 -8.7887162e-01
  1.2628675e+00  3.6267361e-01 -1.4477462e+00 -8.6948210e-01
 -2.5182514e+00 -5.5914420e-01  5.8678441e-02 -1.4397676e+00]