[[[[ 0.6959361   0.8426127   0.520374   ...  0.04434675  0.97457665
     0.46316597]
   [-0.9010145   0.95771074 -0.07970972 ...  0.04663135  1.6531706
    -0.11856331]
   [ 1.8445492  -0.29117054  0.01645788 ...  0.7551884   1.012365
     1.039809  ]
   ...
   [ 0.11712071  0.9546841   0.17895849 ...  0.20227835 -0.4782915
     0.2648975 ]
   [ 0.00654181  0.17101835 -0.40452915 ...  0.18624425  0.10487446
     0.11257953]
   [ 0.19513415  0.11270057 -0.4706891  ...  0.20933707  0.02678579
     0.40035206]]]]