[[[[-0.8421703  -0.2698919   0.5850738  ...  0.30629495  0.6174978
    -0.773245  ]
   [-0.11798296  0.3809727  -0.00226441 ... -0.76941395  0.41940454
     0.12432778]
   [-0.15444313 -0.1502423   0.5071483  ...  0.8041528   0.55263466
    -0.03358672]
   ...
   [-0.27545196 -0.40620548 -1.20203    ...  0.45011568 -1.2146987
     0.3769634 ]
   [ 0.01264959 -1.1238434   0.03276112 ...  0.49486682 -0.31054124
    -0.4408971 ]
   [ 0.29835624 -0.47637698  0.6280949  ...  0.24605964  0.192978
    -1.7445313 ]]]]