[-0.7294211  -0.852572   -0.86404514 -0.13042639 -0.7094098  -0.2031021
 -0.2982096  -0.91405153 -1.3357775  -1.478192   -0.81783515 -0.7728939
 -0.48339972 -0.93108296 -0.5746311  -0.6145798  -1.1366876  -0.85520077
 -1.3783652  -1.1933393  -1.0735843  -1.1109793  -0.3465098  -0.6083172
 -0.49285915  0.01832943 -1.3826199  -0.5181221  -1.2230054  -0.7911212
 -0.30589116 -0.3075486  -0.24907912 -0.4485157  -1.1179252  -1.1230412
 -0.98441905 -1.1331402  -0.46352288 -1.0048121  -0.5914534  -0.56390464
 -0.92419356 -0.7420504  -0.7349118  -0.5777128  -0.95804995 -0.22982101
 -0.21937282 -1.3843704  -0.7700224  -0.67358506 -1.0820686  -0.35985336
 -0.77504325 -0.59508187 -1.3565813  -0.5915295  -1.0203208  -0.6482143
 -0.5817812  -0.4745032  -0.7508948  -1.1032759 ]