[-0.03657407 -0.14603998 -0.8029434  -0.7025612   0.00893185 -0.98704284
 -0.39565673  0.08311883 -0.50513947 -0.49897727 -0.30659452 -0.06012171
 -0.3812723  -0.25095278 -0.43004066 -0.7225462  -0.5609366  -0.5946039
 -0.36954698 -0.41836274 -0.5295816  -0.8901125   0.20072906 -1.3094709
 -0.11057217 -0.4049901  -0.76797956 -0.38601524 -0.7793497  -0.37969854
 -0.73454136 -0.71101755 -0.9416844  -0.26626608 -0.5811165  -0.00857459
 -0.32954875 -0.04625557 -0.72498596 -0.9011125  -0.26041687 -0.39572406
 -1.0172762  -0.16078845 -0.39140666 -0.9683232  -0.62635034 -0.33477965
 -0.8156563  -0.79342026 -0.16388834 -0.30264094 -0.04562227  0.01518799
 -0.16518123 -0.00558764 -0.7355779  -0.7700599  -0.44071877 -0.42550522
 -0.6984474  -0.7757916  -0.6989073  -0.7950603 ]