[[[[-0.36281064 -1.0251912   0.35404775 ...  0.17688842 -1.300162
    -0.6833259 ]
   [-1.1141526  -0.9791615  -0.06978834 ... -0.02329938 -0.09538617
    -0.3262179 ]
   [-0.67999893  1.0066937   0.19401082 ...  0.5336554   1.5027053
     0.56917703]
   ...
   [ 0.9390489   0.35112202  0.62094647 ...  0.03703036  0.03034475
     0.3205569 ]
   [-0.01617125  0.5564278  -0.02495186 ...  0.35811177  0.23026645
     0.176537  ]
   [-0.4066239   0.6168891  -0.32438257 ...  0.19304688 -0.61172533
    -0.15721677]]]]